10000000000000000000000000000000
01001011100100000001010001110110
00100111111011001110000101101101
00010100010001000100011101010000
00001010001011000011010100001100
00000101000101110101111110000101
00000010100010111101100001111001
00000001010001011111000101010100
00000000101000101111100101001101
00000000010100010111110010111010
00000000001010001011111001100000
00000000000101000101111100110000
00000000000010100010111110011000
00000000000001010001011111001100
00000000000000101000101111100110
00000000000000010100010111110011
00000000000000001010001011111001
00000000000000000101000101111100
00000000000000000010100010111110
00000000000000000001010001011111
00000000000000000000101000101111
00000000000000000000010100010111
00000000000000000000001010001011
00000000000000000000000101000101
00000000000000000000000010100010
00000000000000000000000001010001
00000000000000000000000000101000
00000000000000000000000000010100
00000000000000000000000000001010
00000000000000000000000000000101
00000000000000000000000000000010
00000000000000000000000000000001
00000000000000000000000000000000
00000000000000000000000000000000
00000000000000000000000000000000
00000000000000000000000000000000
00000000000000000000000000000000
00000000000000000000000000000000
00000000000000000000000000000000
00000000000000000000000000000000
00000000000000000000000000000000
00000000000000000000000000000000
00000000000000000000000000000000
00000000000000000000000000000000
00000000000000000000000000000000
00000000000000000000000000000000
00000000000000000000000000000000
00000000000000000000000000000000
00000000000000000000000000000000
00000000000000000000000000000000
00000000000000000000000000000000
00000000000000000000000000000000
00000000000000000000000000000000
00000000000000000000000000000000
00000000000000000000000000000000
00000000000000000000000000000000
00000000000000000000000000000000
00000000000000000000000000000000
00000000000000000000000000000000
00000000000000000000000000000000
00000000000000000000000000000000
00000000000000000000000000000000
00000000000000000000000000000000
00000000000000000000000000000000
00000000000000000000000000000000
00000000000000000000000000000000
00000000000000000000000000000000
00000000000000000000000000000000
00000000000000000000000000000000
00000000000000000000000000000000
